Main.Studies.MarkerTracking.t,Main.Studies.MarkerTracking.JointAngleOutputs.OutputFile_RightLeg.HipFlexion,Main.Studies.MarkerTracking.JointAngleOutputs.OutputFile_RightLeg.HipAbduction,Main.Studies.MarkerTracking.JointAngleOutputs.OutputFile_RightLeg.HipExternalRotation,Main.Studies.MarkerTracking.JointAngleOutputs.OutputFile_RightLeg.KneeFlexion,Main.Studies.MarkerTracking.JointAngleOutputs.OutputFile_RightLeg.AnklePlantarFlexion,Main.Studies.MarkerTracking.JointAngleOutputs.OutputFile_RightLeg.SubTalarEversion
  1.600000000000000e+00,  5.029721666047672e-01,  8.888722053922749e-02,  1.764302663170267e-01,  2.109306678686416e-01, -2.828734805239017e-02,  1.716455493614065e-01
  1.610000000000000e+00,  5.036942870246275e-01,  7.979780911733458e-02,  1.675133981606497e-01,  2.272878391318257e-01, -1.425779769820870e-02,  2.031685932702253e-01
  1.620000000000000e+00,  5.045188617372794e-01,  6.942003573319377e-02,  1.573736998137032e-01,  2.459053882959577e-01,  1.046212032140400e-03,  2.348186159028680e-01
  1.630000000000000e+00,  5.050250035710236e-01,  5.796021059067669e-02,  1.462830679426108e-01,  2.658472313206992e-01,  1.653738866776586e-02,  2.649647983292615e-01
  1.640000000000000e+00,  5.047555848410198e-01,  4.567098892221422e-02,  1.345362907439283e-01,  2.862488775333104e-01,  3.104116887732120e-02,  2.925367847211564e-01
  1.650000000000000e+00,  5.032691403366414e-01,  3.283760812381042e-02,  1.224761987382751e-01,  3.062973893884836e-01,  4.351102580250659e-02,  3.170605690983571e-01
  1.660000000000000e+00,  5.001996198093532e-01,  1.976506775585007e-02,  1.104863977331950e-01,  3.252526944302013e-01,  5.316037371514385e-02,  3.385087674722381e-01
  1.670000000000000e+00,  4.953031848054910e-01,  6.761990341576096e-03,  9.897731390189572e-02,  3.424998557051850e-01,  5.951268541667793e-02,  3.570335791998462e-01
  1.680000000000000e+00,  4.884729120979936e-01, -5.883284874647066e-03,  8.836176343585783e-02,  3.575836606201190e-01,  6.238463243948356e-02,  3.727418057662307e-01
  1.690000000000000e+00,  4.797175918559468e-01, -1.792756005638818e-02,  7.902231732404258e-02,  3.702039452994763e-01,  6.183369180525724e-02,  3.856177426188137e-01
  1.700000000000000e+00,  4.691170076434438e-01, -2.918761843229389e-02,  7.127549328025383e-02,  3.801876826355728e-01,  5.810231287993415e-02,  3.955700924079756e-01
  1.710000000000000e+00,  4.567770449774434e-01, -3.954098381555471e-02,  6.533622187904188e-02,  3.874627603802531e-01,  5.156348840733903e-02,  4.024990666589921e-01
  1.720000000000000e+00,  4.427863940259927e-01, -4.892658120906557e-02,  6.128502557860745e-02,  3.920274095314541e-01,  4.268514970426070e-02,  4.063489814393127e-01
  1.730000000000000e+00,  4.272260340963120e-01, -5.731775312931253e-02,  5.906996956279541e-02,  3.939506468540993e-01,  3.196008936879460e-02,  4.070788899389982e-01
  1.740000000000000e+00,  4.101724902684181e-01, -6.471341174262601e-02,  5.851451476816642e-02,  3.933508817473248e-01,  1.989281990999829e-02,  4.047059467951888e-01
  1.750000000000000e+00,  3.917242692013956e-01, -7.112518602591966e-02,  5.934546862127655e-02,  3.903906438954155e-01,  6.977924959857751e-03,  3.993323582080611e-01
  1.760000000000000e+00,  3.720219440895813e-01, -7.657535367070345e-02,  6.122545940228599e-02,  3.852718066655877e-01, -6.318302960546214e-03,  3.911671635749834e-01
  1.770000000000000e+00,  3.512477221130748e-01, -8.110016659343477e-02,  6.378550008709914e-02,  3.782291332367513e-01, -1.958129663659834e-02,  3.805249418285659e-01
  1.780000000000000e+00,  3.296462946682401e-01, -8.474380015419047e-02,  6.666415431637815e-02,  3.695320524343516e-01, -3.247777669677711e-02,  3.678008707974216e-01
  1.790000000000000e+00,  3.074615104185446e-01, -8.756741589217043e-02,  6.952295851006415e-02,  3.594568309729347e-01, -4.476079828080596e-02,  3.534380677119432e-01
  1.800000000000000e+00,  2.849366527424095e-01, -8.963850338321677e-02,  7.207669815786610e-02,  3.482781249322152e-01, -5.627828025295546e-02,  3.378827615613177e-01
  1.810000000000000e+00,  2.622820245455219e-01, -9.102917634225949e-02,  7.410690544230221e-02,  3.362470567290164e-01, -6.696045153979449e-02,  3.215605195099909e-01
  1.820000000000000e+00,  2.396581821993505e-01, -9.181375330305364e-02,  7.546172405702657e-02,  3.235797959131992e-01, -7.680202248143646e-02,  3.048675727964802e-01
  1.830000000000000e+00,  2.171743091458902e-01, -9.206628506697290e-02,  7.604424447531687e-02,  3.104600037189212e-01, -8.584537641211781e-02,  2.881638807700423e-01
  1.840000000000000e+00,  1.948968806445719e-01, -9.185824146939980e-02,  7.579756515344924e-02,  2.970443314206040e-01, -9.416561000065023e-02,  2.717641242239637e-01
  1.850000000000000e+00,  1.728595391041963e-01, -9.125512006025849e-02,  7.469225713277422e-02,  2.834644053515957e-01, -1.018577665435685e-01,  2.559323543993751e-01
  1.860000000000000e+00,  1.510713269453388e-01, -9.031003403144644e-02,  7.272272595649751e-02,  2.698326241183108e-01, -1.090303878818802e-01,  2.408798907997628e-01
  1.870000000000000e+00,  1.295342701215769e-01, -8.905987949185357e-02,  6.991547287039034e-02,  2.562515770248202e-01, -1.158026155525881e-01,  2.267689488553421e-01
  1.880000000000000e+00,  1.082173544744285e-01, -8.751806489009817e-02,  6.632661184173599e-02,  2.428128065475669e-01, -1.222994038931029e-01,  2.137007184753477e-01
  1.890000000000000e+00,  8.713206812163496e-02, -8.569159260743575e-02,  6.205615382199094e-02,  2.296095454679816e-01, -1.286407185727539e-01,  2.017439537703271e-01
  1.900000000000000e+00,  6.630742463961148e-02, -8.358202906417600e-02,  5.722979219835148e-02,  2.167408997745527e-01, -1.349331189391488e-01,  1.909231458982263e-01
  1.910000000000000e+00,  4.580390668210119e-02, -8.119645452740554e-02,  5.198724849090301e-02,  2.043195695321179e-01, -1.412622444529827e-01,  1.812299880847276e-01
  1.920000000000000e+00,  2.570875777891889e-02, -7.855745879334797e-02,  4.646751702317936e-02,  1.924693305126160e-01, -1.476904478017109e-01,  1.726359324524661e-01
  1.930000000000000e+00,  6.126407937343157e-03, -7.571114164358583e-02,  4.079577393455137e-02,  1.813163829719247e-01, -1.542592694958454e-01,  1.651029699573146e-01
  1.940000000000000e+00, -1.283281046040132e-02, -7.272907927393213e-02,  3.507217583911638e-02,  1.709797258189408e-01, -1.609942232709373e-01,  1.585866934828503e-01
  1.950000000000000e+00, -3.106449333633354e-02, -6.970266295179539e-02,  2.936642805067138e-02,  1.615632066846859e-01, -1.679121110721184e-01,  1.530288346477256e-01
  1.960000000000000e+00, -4.848313084235622e-02, -6.673223627895131e-02,  2.372175789388913e-02,  1.531483156193231e-01, -1.750279767589131e-01,  1.483429558750415e-01
  1.970000000000000e+00, -6.503510074284348e-02, -6.391623964270576e-02,  1.816322261406803e-02,  1.457852352845425e-01, -1.823531384072585e-01,  1.444067841103581e-01
  1.980000000000000e+00, -8.070719755599004e-02, -6.134415968106688e-02,  1.270632149054190e-02,  1.394844806439522e-01, -1.898848263206791e-01,  1.410641133209369e-01
  1.990000000000000e+00, -9.552814057721441e-02, -5.909293527041681e-02,  7.368986898338166e-03,  1.342154710205757e-01, -1.975966144060482e-01,  1.381239286454024e-01
  2.000000000000000e+00, -1.095663151712832e-01, -5.722437509863121e-02,  2.182563084663990e-03,  1.299139634275044e-01, -2.054324686221688e-01,  1.353551581737164e-01
  2.010000000000000e+00, -1.229260486400425e-01, -5.578238650428613e-02, -2.808260158085558e-03,  1.264965121146397e-01, -2.133055230563637e-01,  1.324853195688234e-01
  2.020000000000000e+00, -1.357406953482821e-01, -5.479056809071570e-02, -7.554792856827907e-03,  1.238810003552993e-01, -2.211067459969590e-01,  1.292051295004110e-01
  2.030000000000000e+00, -1.481620021716734e-01, -5.425073777599021e-02, -1.201379102562220e-02,  1.220101298034619e-01, -2.287230079357170e-01,  1.251790408498067e-01
  2.040000000000000e+00, -1.603474691036192e-01, -5.414172750412760e-02, -1.615449806716238e-02,  1.208698994057412e-01, -2.360558806255889e-01,  1.200645937669849e-01
  2.050000000000000e+00, -1.724469423273721e-01, -5.441637142233624e-02, -1.996607916801414e-02,  1.204948708567711e-01, -2.430301197993499e-01,  1.135455995743810e-01
  2.060000000000000e+00, -1.845856805480237e-01, -5.499461502816327e-02, -2.346511877570174e-02,  1.209584255737771e-01, -2.495867299570255e-01,  1.053798188920470e-01
  2.070000000000000e+00, -1.968378219907403e-01, -5.575183559831998e-02, -2.669695020083541e-02,  1.223548259652022e-01, -2.556674602723193e-01,  9.544874716130576e-02
  2.080000000000000e+00, -2.091913879122685e-01, -5.650311798864083e-02, -2.972258536302029e-02,  1.247844687039981e-01, -2.612014725763693e-01,  8.378863242297881e-02
  2.090000000000000e+00, -2.215230948347671e-01, -5.698866179695328e-02, -3.259038284615809e-02,  1.283489745077222e-01, -2.660984610853380e-01,  7.058632905392202e-02
  2.100000000000000e+00, -2.335996749852927e-01, -5.688803978051582e-02, -3.532492605747303e-02,  1.331475558580539e-01, -2.702415878786074e-01,  5.616703867270088e-02
  2.110000000000000e+00, -2.451293489076981e-01, -5.584835739494909e-02, -3.792304467261134e-02,  1.392709851191731e-01, -2.734825545783712e-01,  4.094327535361254e-02
  2.120000000000000e+00, -2.558245683678032e-01, -5.354757451027670e-02, -4.039243208451825e-02,  1.467883942153591e-01, -2.756302706603705e-01,  2.539582506914274e-02
  2.130000000000000e+00, -2.654546461397798e-01, -4.974076049480769e-02, -4.277393782966897e-02,  1.557440203219373e-01, -2.764476277653752e-01,  1.003683036862988e-02
  2.140000000000000e+00, -2.738614842803014e-01, -4.428459368553139e-02, -4.514324129158839e-02,  1.661657528831303e-01, -2.756578566000790e-01, -4.625084229441001e-03
  2.150000000000000e+00, -2.809437900002662e-01, -3.714378018472275e-02, -4.759694050539782e-02,  1.780837199286877e-01, -2.729567187872343e-01, -1.810982424034025e-02
  2.160000000000000e+00, -2.866301521149451e-01, -2.838849558667711e-02, -5.023781430699976e-02,  1.915542598320186e-01, -2.680233864574577e-01, -2.997490157582964e-02
  2.170000000000000e+00, -2.908563817644833e-01, -1.818688751045694e-02, -5.316835183071836e-02,  2.066825222305830e-01, -2.605278285648896e-01, -3.981314410202594e-02
  2.180000000000000e+00, -2.935486764256044e-01, -6.795992280470564e-03, -5.649119483838316e-02,  2.236383781279202e-01, -2.501374589163653e-01, -4.724805637091285e-02
  2.190000000000000e+00, -2.946258281110303e-01,  5.459727055315167e-03, -6.030202510670251e-02,  2.426626328697980e-01, -2.365267479570764e-01, -5.195433079427562e-02
  2.200000000000000e+00, -2.939848059517272e-01,  1.819376146100682e-02, -6.467838603831710e-02,  2.640659069422249e-01, -2.193950667859806e-01, -5.367598757958450e-02
  2.210000000000000e+00, -2.915078061089753e-01,  3.098673192749635e-02, -6.965281513202747e-02,  2.882133319610868e-01, -1.984919191997269e-01, -5.228377755907105e-02
  2.220000000000000e+00, -2.870512795785420e-01,  4.341498040199743e-02, -7.518946776733973e-02,  3.154971212050618e-01, -1.736512081598692e-01, -4.781809901223398e-02
  2.230000000000000e+00, -2.804324728418289e-01,  5.509190149180077e-02, -8.116206719705225e-02,  3.462995184702605e-01, -1.448361312510739e-01, -4.051226084864037e-02
  2.240000000000000e+00, -2.714277919478079e-01,  6.571290179962919e-02, -8.734286180119095e-02,  3.809471784191290e-01, -1.121952112061246e-01, -3.077700081022440e-02
  2.250000000000000e+00, -2.597978433898390e-01,  7.508913562359765e-02, -9.342090471127672e-02,  4.196557792578733e-01, -7.612624641219752e-02, -1.913804459698028e-02
  2.260000000000000e+00, -2.453378603251545e-01,  8.315839454758911e-02, -9.905629751753588e-02,  4.624718588416553e-01, -3.734006128612727e-02, -6.139255412990456e-03
  2.270000000000000e+00, -2.279378427147895e-01,  8.996945045000171e-02, -1.039510877661042e-01,  5.092281642046383e-01,  3.094458969047920e-03,  7.755287246037085e-03
  2.280000000000000e+00, -2.076301091115131e-01,  9.564221705240317e-02, -1.079043219282709e-01,  5.595297419864319e-01,  4.375564557771768e-02,  2.222451414773863e-02
  2.290000000000000e+00, -1.846034316573272e-01,  1.003149208657816e-01, -1.108284415094914e-01,  6.127793630265359e-01,  8.295369560013756e-02,  3.709732440416291e-02
  2.300000000000000e+00, -1.591766382582355e-01,  1.040973548302058e-01, -1.127295363901578e-01,  6.682339552367392e-01,  1.188913792130693e-01,  5.230682345217229e-02
  2.310000000000000e+00, -1.317457235746338e-01,  1.070457228526145e-01, -1.136722897430917e-01,  7.250698273008193e-01,  1.498569195559671e-01,  6.781956490794186e-02
  2.320000000000000e+00, -1.027299610451884e-01,  1.091619758379598e-01, -1.137464719818363e-01,  7.824365925814090e-01,  1.744032340714780e-01,  8.357522169227884e-02
  2.330000000000000e+00, -7.253483541049990e-02,  1.104107697796173e-01, -1.130399117537726e-01,  8.394921060708320e-01,  1.915033608554252e-01,  9.946253415314764e-02
  2.340000000000000e+00, -4.153355591511669e-02,  1.107464879601809e-01, -1.116201494281942e-01,  8.954210318865733e-01,  2.006806405286616e-01,  1.153348833764902e-01
  2.350000000000000e+00, -1.005894845815928e-02,  1.101438464549731e-01, -1.095289534010846e-01,  9.494460762521113e-01,  2.020776014571445e-01,  1.310403403968125e-01
  2.360000000000000e+00,  2.160188711457030e-02,  1.086225343556657e-01, -1.067903831105590e-01,  1.000841545323103e+00,  1.964158207025829e-01,  1.464283012436972e-01
  2.370000000000000e+00,  5.321129329715379e-02,  1.062572184676778e-01, -1.034257292351034e-01,  1.048952659356299e+00,  1.848428683967656e-01,  1.613187456646444e-01
  2.380000000000000e+00,  8.458124876348813e-02,  1.031720756892351e-01, -9.946543261538601e-02,  1.093217282195749e+00,  1.687174195959492e-01,  1.754614134416127e-01
  2.390000000000000e+00,  1.155680284052236e-01,  9.952539825169526e-02, -9.495311193970175e-02,  1.133182622201614e+00,  1.494040630932617e-01,  1.885248740698984e-01
  2.400000000000000e+00,  1.460595085528769e-01,  9.549025863544669e-02, -8.994434591265407e-02,  1.168509897692514e+00,  1.281292425812470e-01,  2.001317993153892e-01
  2.410000000000000e+00,  1.759522667856435e-01,  9.123248741892032e-02, -8.450232992219998e-02,  1.198963323185918e+00,  1.059167251811001e-01,  2.099439225246815e-01
  2.420000000000000e+00,  2.051682566248088e-01,  8.690362353135073e-02, -7.869676769886411e-02,  1.224408584666624e+00,  8.354980476364726e-02,  2.176726060249654e-01
  2.430000000000000e+00,  2.336077571926651e-01,  8.262078823257824e-02, -7.259002099315640e-02,  1.244778630179775e+00,  6.162271983248255e-02,  2.232327281442238e-01
  2.440000000000000e+00,  2.611750383664703e-01,  7.847579806247706e-02, -6.623537118575339e-02,  1.260072657227529e+00,  4.055144245583956e-02,  2.267223846032917e-01
  2.450000000000000e+00,  2.877719181210120e-01,  7.453893620168661e-02, -5.967513944722640e-02,  1.270341531366136e+00,  2.060985998301712e-02,  2.284407299132201e-01
  2.460000000000000e+00,  3.132995129295842e-01,  7.086224748030356e-02, -5.294395198868922e-02,  1.275676335039180e+00,  1.962322472518009e-03,  2.288656839614067e-01
  2.470000000000000e+00,  3.376593149960972e-01,  6.747933162171971e-02, -4.607502864807420e-02,  1.276196463835777e+00, -1.529896343148191e-02,  2.286118191820032e-01
  2.480000000000000e+00,  3.607538935659803e-01,  6.440524358694732e-02, -3.910570726405520e-02,  1.272038772678731e+00, -3.111704871986283e-02,  2.283672821322561e-01
  2.490000000000000e+00,  3.824900922440703e-01,  6.163922224108331e-02, -3.207853755983498e-02,  1.263349698226123e+00, -4.544733925151372e-02,  2.288091837050712e-01
  2.500000000000000e+00,  4.027874488817738e-01,  5.916899219511285e-02, -2.503910399040795e-02,  1.250280537739624e+00, -5.825429141523296e-02,  2.305109393192666e-01
  2.510000000000000e+00,  4.215890139604300e-01,  5.697561923413041e-02, -1.803391926197791e-02,  1.232983877707859e+00, -6.951788633686080e-02,  2.338654700846917e-01
  2.520000000000000e+00,  4.388663666564926e-01,  5.503949741023817e-02, -1.110991677377286e-02,  1.211609147412680e+00, -7.923925869858289e-02,  2.390442546386233e-01
  2.530000000000000e+00,  4.546185524239060e-01,  5.334699704826984e-02, -4.316190212293289e-03,  1.186298094789989e+00, -8.744240696206355e-02,  2.459984506697002e-01
  2.540000000000000e+00,  4.688719797687482e-01,  5.189696962885471e-02,  2.292878134933999e-03,  1.157182882403549e+00, -9.417339651940292e-02,  2.544871673720998e-01
  2.550000000000000e+00,  4.816792273685129e-01,  5.070614981773414e-02,  8.657424073889669e-03,  1.124387481202408e+00, -9.950293211485289e-02,  2.641085573386852e-01
  2.560000000000000e+00,  4.931102029862968e-01,  4.981141300002512e-02,  1.471826325220713e-02,  1.088030747690525e+00, -1.035348102425471e-01,  2.743304170341363e-01
  2.570000000000000e+00,  5.032376436083187e-01,  4.926766385471759e-02,  2.042728464159214e-02,  1.048230564865877e+00, -1.064144671679227e-01,  2.845333534182496e-01
  2.580000000000000e+00,  5.121234641740183e-01,  4.914243796418782e-02,  2.575903234385557e-02,  1.005110289897010e+00, -1.083308403653474e-01,  2.940632426474344e-01
  2.590000000000000e+00,  5.198097418944970e-01,  4.950975845722771e-02,  3.072450706331556e-02,  9.588082382156932e-01, -1.095065873966544e-01,  3.022755964090609e-01
  2.600000000000000e+00,  5.263130476270735e-01,  5.044478977316968e-02,  3.538666086421735e-02,  9.094888975163795e-01, -1.101777825858305e-01,  3.085591203538477e-01
  2.610000000000000e+00,  5.316182978915192e-01,  5.201847133717608e-02,  3.987272772725040e-02,  8.573548428801824e-01, -1.105712180764156e-01,  3.123342787919104e-01
  2.620000000000000e+00,  5.356733471989238e-01,  5.429105458771355e-02,  4.438202855378157e-02,  8.026607041244161e-01, -1.108815848866353e-01,  3.130378234574833e-01
  2.630000000000000e+00,  5.383926262495348e-01,  5.730440783493407e-02,  4.919037363499481e-02,  7.457318116361306e-01, -1.112445236885344e-01,  3.101156256403488e-01
  2.640000000000000e+00,  5.396760223195506e-01,  6.107287898221481e-02,  5.464726915669983e-02,  6.869905847784367e-01, -1.117092971632115e-01,  3.030364639061215e-01
  2.650000000000000e+00,  5.394396647656198e-01,  6.557251595943425e-02,  6.116074373153377e-02,  6.269922958720593e-01, -1.122247179929220e-01,  2.913247831741424e-01
  2.660000000000000e+00,  5.376521225115847e-01,  7.072842231077114e-02,  6.916427686572835e-02,  5.664657279425364e-01, -1.126502208215047e-01,  2.746146434399896e-01
  2.670000000000000e+00,  5.343717381370545e-01,  7.640044534655388e-02,  7.905437829619952e-02,  5.063447027690505e-01, -1.127923367127948e-01,  2.527421651422324e-01
  2.680000000000000e+00,  5.297772678917918e-01,  8.237139596056742e-02,  9.108881749156804e-02,  4.477688610282002e-01, -1.124561638342575e-01,  2.258917054010048e-01
  2.690000000000000e+00,  5.241786498259462e-01,  8.834845702258742e-02,  1.052547188582274e-01,  3.920340738911324e-01, -1.114980791635080e-01,  1.947808621369203e-01
  2.700000000000000e+00,  5.179961150208315e-01,  9.398996695828954e-02,  1.211475731118236e-01,  3.404894178988057e-01, -1.098688230508202e-01,  1.608211973285750e-01
  2.710000000000000e+00,  5.117041403479308e-01,  9.895841583439391e-02,  1.379296343657264e-01,  2.944050311798357e-01, -1.076399920366618e-01,  1.261489125316642e-01
  2.720000000000000e+00,  5.057530196208458e-01,  1.029797064709659e-01,  1.544243109303082e-01,  2.548547057254118e-01, -1.050037253735184e-01,  9.343346296507361e-02
  2.730000000000000e+00,  5.004983098787044e-01,  1.058781124779415e-01,  1.693326391358200e-01,  2.226451089363385e-01, -1.022269409788493e-01,  6.547705962858652e-02
  2.740000000000000e+00,  4.961670237413662e-01,  1.075692970558100e-01,  1.814799497929981e-01,  1.982877941064416e-01, -9.954942145000656e-02,  4.474411098530969e-02
  2.750000000000000e+00,  4.928662879631544e-01,  1.080194698999810e-01,  1.899940713818375e-01,  1.819882565377041e-01, -9.705097363847123e-02,  3.298746470178895e-02
  2.760000000000000e+00,  4.906154143450550e-01,  1.071967688520723e-01,  1.943828804023317e-01,  1.736347489744864e-01, -9.454746752696341e-02,  3.105217543975148e-02
  2.770000000000000e+00,  4.893750055450610e-01,  1.050405221193504e-01,  1.945409861085983e-01,  1.727900081627363e-01, -9.156922383919794e-02,  3.883617074094684e-02
  2.780000000000000e+00,  4.890598823888865e-01,  1.014617280536398e-01,  1.907190680555279e-01,  1.787036732111134e-01, -8.743783938116155e-02,  5.535661448477041e-02
  2.790000000000000e+00,  4.895309307585321e-01,  9.635693626750119e-02,  1.834461644949414e-01,  1.903448524421043e-01, -8.140417254834625e-02,  7.895082309010464e-02
  2.800000000000000e+00,  4.905913842570166e-01,  8.965833185951011e-02,  1.734284235099049e-01,  2.065010885360777e-01, -7.286438067416230e-02,  1.075100439027639e-01
  2.810000000000000e+00,  4.919767804049388e-01,  8.136149261824199e-02,  1.613949367712342e-01,  2.258859828699246e-01, -6.155752987493818e-02,  1.388342420395829e-01
  2.820000000000000e+00,  4.933571279577321e-01,  7.155002114049336e-02,  1.479777625163716e-01,  2.472711897559373e-01, -4.771467452747768e-02,  1.709403877546073e-01
  2.830000000000000e+00,  4.943554297979999e-01,  6.041078797255417e-02,  1.337057157883909e-01,  2.696014280553174e-01, -3.208132426371892e-02,  2.022451262755265e-01
  2.840000000000000e+00,  4.945603652699674e-01,  4.820628377527347e-02,  1.190616972535960e-01,  2.919974641194896e-01, -1.573272086086998e-02,  2.317072010468028e-01
  2.850000000000001e+00,  4.935747229679077e-01,  3.526074677687396e-02,  1.045402518914081e-01,  3.137202713861735e-01,  1.225785407071846e-04,  2.587779832443114e-01
  2.860000000000000e+00,  4.910715316285394e-01,  2.192458424300736e-02,  9.062273924057891e-02,  3.341214309308510e-01,  1.433973552784187e-02,  2.832909082901520e-01
  2.870000000000000e+00,  4.868475494886417e-01,  8.540471250707116e-03,  7.773641112525918e-02,  3.526526751054017e-01,  2.598053755087839e-02,  3.052614134385927e-01
  2.880000000000000e+00,  4.808332274249226e-01, -4.596569136525064e-03,  6.621965682417162e-02,  3.688883383025328e-01,  3.442159376650702e-02,  3.247307345728824e-01
  2.890000000000000e+00,  4.730755960169432e-01, -1.724534350731410e-02,  5.632233497946568e-02,  3.825546026270246e-01,  3.934143907808235e-02,  3.416288221349734e-01
  2.900000000000000e+00,  4.636735599574923e-01, -2.923050841598829e-02,  4.818769794226432e-02,  3.934943228470459e-01,  4.071327240430171e-02,  3.558345443730433e-01
  2.910000000000000e+00,  4.527242192024032e-01, -4.042795439241775e-02,  4.184501183716911e-02,  4.016392559289893e-01,  3.874977881648869e-02,  3.672462942573537e-01
  2.920000000000000e+00,  4.402926949530492e-01, -5.074668673339389e-02,  3.720356659751288e-02,  4.069909810202168e-01,  3.384386160680625e-02,  3.758353160917257e-01
  2.930000000000000e+00,  4.264128065537012e-01, -6.011242742136425e-02,  3.406300873594875e-02,  4.096136935111032e-01,  2.650292934418768e-02,  3.816501357005045e-01
  2.940000000000000e+00,  4.111120302608152e-01, -6.845593598494504e-02,  3.214432250478126e-02,  4.096361755420087e-01,  1.728338748645236e-02,  3.847952238422674e-01
  2.950000000000000e+00,  3.944468485141439e-01, -7.570964331962626e-02,  3.113006895520756e-02,  4.072569494619225e-01,  6.735359435864133e-03,  3.854101914708419e-01
  2.960000000000000e+00,  3.765289280897325e-01, -8.181589326936489e-02,  3.069954589477759e-02,  4.027364668858968e-01, -4.634246899533015e-03,  3.836644983513402e-01
  2.970000000000000e+00,  3.575293479714964e-01, -8.674112215991414e-02,  3.055769138614347e-02,  3.963720255465436e-01, -1.638325823680400e-02,  3.797648321512408e-01
  2.980000000000000e+00,  3.376611530876018e-01, -9.048567203114133e-02,  3.046171098896450e-02,  3.884689630396870e-01, -2.814957719071281e-02,  3.739564453225434e-01
  2.990000000000000e+00,  3.171488151968530e-01, -9.308661179025068e-02,  3.023888221971287e-02,  3.793168681227250e-01, -3.966116957601851e-02,  3.665089734650047e-01
  3.000000000000000e+00,  2.961986111620482e-01, -9.461695933055436e-02,  2.978582025668126e-02,  3.691720648257940e-01, -5.073560710364101e-02,  3.576967961099322e-01
  3.010000000000000e+00,  2.749811849555669e-01, -9.518255034744971e-02,  2.905025947343600e-02,  3.582489858288295e-01, -6.126933283236143e-02,  3.477863456532433e-01
  3.020000000000000e+00,  2.536277285419675e-01, -9.491565238516753e-02,  2.800596245282066e-02,  3.467208215287361e-01, -7.122166887653507e-02,  3.370331930871818e-01
  3.030000000000000e+00,  2.322335416379175e-01, -9.396583785881329e-02,  2.662999560083090e-02,  3.347258597375328e-01, -8.059841321075120e-02,  3.256855799607077e-01
  3.040000000000000e+00,  2.108608123661994e-01, -9.248896822615293e-02,  2.488659570140395e-02,  3.223756149720979e-01, -8.943849163171080e-02,  3.139877167903090e-01
  3.050000000000000e+00,  1.895420260750195e-01, -9.063418595732431e-02,  2.272420034545280e-02,  3.097622766130164e-01, -9.780454561945223e-02,  3.021746090338028e-01
  3.060000000000000e+00,  1.682933947619646e-01, -8.853078073576071e-02,  2.008996682946915e-02,  2.969648406194323e-01, -1.057755348995364e-01,  2.904575501871213e-01
  3.070000000000000e+00,  1.471339651485634e-01, -8.627954918560676e-02,  1.694982640210642e-02,  2.840536669391598e-01, -1.134390202466135e-01,  2.790136677656102e-01
  3.080000000000000e+00,  1.260943215689904e-01, -8.395084277323717e-02,  1.329830225871739e-02,  2.710940416500961e-01, -1.208829235834215e-01,  2.679901545828310e-01
  3.090000000000000e+00,  1.052124794567070e-01, -8.158622682730776e-02,  9.157856369362416e-03,  2.581524008145073e-01, -1.281901254569089e-01,  2.575112973043159e-01
  3.100000000000000e+00,  8.452762651881698e-02, -7.920139478308630e-02,  4.574065159808323e-03,  2.453072934207045e-01, -1.354384293468457e-01,  2.476747807782739e-01
  3.110000000000000e+00,  6.407925716224656e-02, -7.679271816871847e-02, -3.888070028860506e-04,  2.326609080144798e-01, -1.427018623575919e-01,  2.385429098648301e-01
  3.120000000000000e+00,  4.391226310458241e-02, -7.434866025717857e-02, -5.650188171588020e-03,  2.203452152968576e-01, -1.500479189065548e-01,  2.301389097816419e-01
  3.130000000000000e+00,  2.408144164168324e-02, -7.186185612666640e-02, -1.111980210822131e-02,  2.085203746967184e-01, -1.575322008557366e-01,  2.224524628081314e-01
  3.140000000000000e+00,  4.649379743675168e-03, -6.933733793462227e-02, -1.671130338099856e-02,  1.973649313496437e-01, -1.651958837875889e-01,  2.154514685041577e-01
  3.150000000000000e+00, -1.432005043779363e-02, -6.679522729669474e-02, -2.235410899237180e-02,  1.870569180206603e-01, -1.730685252243956e-01,  2.090904227783016e-01
  3.160000000000000e+00, -3.276869265957286e-02, -6.426751472313463e-02, -2.799606704561357e-02,  1.777491138193631e-01, -1.811738615822625e-01,  2.033112742689449e-01
  3.170000000000000e+00, -5.064992541423936e-02, -6.179160043292398e-02, -3.359879599928363e-02,  1.695475426365566e-01, -1.895321540417446e-01,  1.980436255963697e-01
  3.180000000000000e+00, -6.793326916788947e-02, -5.940476802632499e-02, -3.913031867945638e-02,  1.625010444617175e-01, -1.981536872043074e-01,  1.932103230180167e-01
  3.190000000000000e+00, -8.460996630894659e-02, -5.714093351478189e-02, -4.455563087431193e-02,  1.566042271290731e-01, -2.070284742640745e-01,  1.887300897575190e-01
  3.200000000000000e+00, -1.006973610439729e-01, -5.502920255048083e-02, -4.982421501458624e-02,  1.518129955269799e-01, -2.161243679148046e-01,  1.845014643348517e-01
  3.210000000000000e+00, -1.162359280158047e-01, -5.309363638557540e-02, -5.485873115572060e-02,  1.480689346294834e-01, -2.253947769696816e-01,  1.803710659224959e-01
  3.220000000000000e+00, -1.312799333725939e-01, -5.135345918634315e-02, -5.955329485116169e-02,  1.453232476328445e-01, -2.347847366857511e-01,  1.761112580228249e-01
  3.230000000000000e+00, -1.458877659149124e-01, -4.982250490580387e-02, -6.378501317650673e-02,  1.435505392106326e-01, -2.442297286935720e-01,  1.714264676981767e-01
  3.240000000000000e+00, -1.601126212392494e-01, -4.850598134858086e-02, -6.743392942025954e-02,  1.427514294909271e-01, -2.536522353728756e-01,  1.659884700795789e-01
  3.250000000000000e+00, -1.739905539481454e-01, -4.739262291693924e-02, -7.040510481026419e-02,  1.429488146382383e-01, -2.629599339518055e-01,  1.594920745757024e-01
  3.260000000000000e+00, -1.875254342055913e-01, -4.644089357778181e-02, -7.264793190383616e-02,  1.441818221805717e-01, -2.720437576486775e-01,  1.517157236265030e-01
  3.270000000000000e+00, -2.006741919082877e-01, -4.556001791807374e-02, -7.416426982692421e-02,  1.465016534866053e-01, -2.807747503580325e-01,  1.425657601085758e-01
  3.280000000000000e+00, -2.133402152535100e-01, -4.459058839420593e-02, -7.499838986087885e-02,  1.499715592637551e-01, -2.890019213103576e-01,  1.320906848416389e-01
  3.290000000000000e+00, -2.253792073364005e-01, -4.330289304434598e-02, -7.522389046860567e-02,  1.546656467090433e-01, -2.965499209258743e-01,  1.204838457434558e-01
  3.300000000000000e+00, -2.366218250624201e-01, -4.140284671074523e-02, -7.492132799777353e-02,  1.606688905470812e-01, -3.032220837395549e-01,  1.080501421594151e-01
  3.310000000000000e+00, -2.468978456689454e-01, -3.857212329549542e-02, -7.418302635771445e-02,  1.680710619146996e-01, -3.087976754007526e-01,  9.519419862560898e-02
  3.320000000000000e+00, -2.560589234778846e-01, -3.451642559816781e-02, -7.312322652241227e-02,  1.769603389580886e-01, -3.130291789936633e-01,  8.240095709396283e-02
  3.330000000000000e+00, -2.639931250014850e-01, -2.901593907134181e-02, -7.189233630687943e-02,  1.874165060285424e-01, -3.156389205805652e-01,  7.021864655567128e-02
  3.340000000000000e+00, -2.706268282200999e-01, -2.196355153364737e-02, -7.068107832758960e-02,  1.995111468567609e-01, -3.163192851848414e-01,  5.923106801002889e-02
  3.350000000000001e+00, -2.759129695258324e-01, -1.338587831722204e-02, -6.970915617749116e-02,  2.133191428760349e-01, -3.147384209970396e-01,  5.001554887600480e-02
  3.360000000000000e+00, -2.798088672713707e-01, -3.450356078822603e-03, -6.920354885527744e-02,  2.289377761140000e-01, -3.105500986464947e-01,  4.309602257023666e-02
  3.370000000000000e+00, -2.822597029036915e-01,  7.548679883349729e-03, -6.936723491296365e-02,  2.465056845632343e-01, -3.034073902774523e-01,  3.888534456245647e-02
  3.380000000000000e+00, -2.831747198400345e-01,  1.921026492678513e-02, -7.034861765391745e-02,  2.662172820832416e-01, -2.929801062579584e-01,  3.764393868409183e-02
  3.390000000000000e+00, -2.824235164470750e-01,  3.107024683569559e-02, -7.220765925448587e-02,  2.883252002984740e-01, -2.789754664796324e-01,  3.943166590909784e-02
  3.400000000000000e+00, -2.798477435871371e-01,  4.265743900355989e-02, -7.488890279953440e-02,  3.131287049887372e-01, -2.611602611183707e-01,  4.407011018517262e-02
  3.410000000000000e+00, -2.752624229570415e-01,  5.353673247912716e-02, -7.822445780110772e-02,  3.409506581889188e-01, -2.393872576778539e-01,  5.116158431351307e-02
  3.420000000000000e+00, -2.684650138396853e-01,  6.335331543414835e-02, -8.194795749507765e-02,  3.721036852878421e-01, -2.136316277974450e-01,  6.013351134489373e-02
  3.430000000000000e+00, -2.592481704372352e-01,  7.187195207407604e-02, -8.571445445602420e-02,  4.068491541368905e-01, -1.840394169570268e-01,  7.031041781889161e-02
  3.440000000000000e+00, -2.474235870691598e-01,  7.900699135939848e-02, -8.912735496542550e-02,  4.453503810282124e-01, -1.509852464108689e-01,  8.100801780900511e-02
  3.450000000000000e+00, -2.328577073495258e-01,  8.483009732795521e-02, -9.178154190380422e-02,  4.876257898194273e-01, -1.151283579876635e-01,  9.164863426876062e-02
  3.460000000000000e+00, -2.155090286225328e-01,  8.954570051788413e-02, -9.332471384884247e-02,  5.335153018233396e-01, -7.744569577086835e-02,  1.018806384421399e-01
  3.470000000000000e+00, -1.954525938082753e-01,  9.343671831534506e-02, -9.352082316421226e-02,  5.826715479956910e-01, -3.921649310017940e-02,  1.116598953182633e-01
  3.480000000000000e+00, -1.728839324832881e-01,  9.679527269934152e-02, -9.229038503575232e-02,  6.345758267790467e-01, -1.939970758114001e-03,  1.212551574150689e-01
  3.490000000000000e+00, -1.481049864425696e-01,  9.986399496902765e-02, -8.971269529838949e-02,  6.885730496712132e-01,  3.280268054780927e-02,  1.311532854534486e-01
